58
80
84
70
56
40
13
0
29
33
35
33
30
33
33
27
29
4
0
7
8
33
63
71
44
5
2
16
11
33
68
74
65
25
18
25
12
27
60
68
55
44
54
61
46
47
58
57
39
59
79
80
68
61
58
55
77
82
56
17
6
31
70
101
108
102
60
27
40
64
81
102
104
89
51
26
44
78
94
98
58
54
59
74
89
106
109
99
30
32
63
92
87
86
95
94
55
68
93
97
76
75
80
69
90
113
118
94
79
93
90
64
109
124
109
76
65
75
82
85
111
126
124
111
90
56
55
89
51
89
82
88
98
82
36
75
17
20
56
55
108
76
40
36
77
72
100
77
48
58
45
69
103
63
107
137
60
35
10
61
103
42
98
104
105
91
83
64
79
57
98
118
101
84
87
96
115
117
79
98
85
104
73
50
139
119
74
74
109
70
57
36
146
147
149
102
55
47
41
36
96
126
130
75
53
76
82
83
64
86
91
66
83
108
86
72
81
41
31
55
98
114
83
64
74
43
75
101
78
53
51
72
49
33
90
122
92
73
69
70
58
50
94
111
85
81
77
71
38
43
87
108
100
91
69
61
36
57
76
56
50
43
70
78
41
72
88
70
74
48
56
78
59
73
96
95
94
62
69
88
65
41
79
103
92
70
86
76
67
30
56
84
87
71
79
58
45
36
45
63
94
68
43
29
94
87
67
52
88
83
82
91
65
68
77
70
88
85
89
78
106
96
84
83
90
93
82
66
93
95
90
83
81
83
79
70
81
85
88
86
75
67
70
81
76
72
77
85
74
58
63
84
68
70
70
70
69
68
69
72
59
72
69
56
62
82
79
58
59
66
63
59
66
79
77
62
70
53
56
72
76
65
67
78
45
37
53
61
38
33
69
94
42
38
20
0
0
15
67
102
64
68
31
2
35
79
76
48
76
79
85
89
74
43
31
46
108
86
69
50
24
16
20
21
77
42
35
40
21
1
0
0
28
28
20
1
0
2
5
0
17
23
21
19
26
21
11
21
50
38
39
38
19
19
30
23
66
67
72
71
60
59
69
71
81
77
61
53
61
68
72
80
77
69
44
43
64
54
21
5
84
76
50
46
63
50
12
0
67
67
56
52
61
63
64
72
42
48
66
77
72
76
85
90
75
72
86
89
71
69
73
62
56
71
63
110
110
40
22
8
50
58
54
59
59
35
30
36
71
63
67
47
37
31
17
37
80
62
64
64
53
31
9
21
69
55
38
54
54
33
25
10
32
36
29
47
54
45
29
0
14
0
4
11
34
77
81
62
61
22
50
47
52
76
51
50
68
46
49
78
91
72
56
56
73
81
66
67
93
85
61
66
70
87
70
56
84
102
88
78
61
70
74
57
48
73
95
82
67
71
85
67
35
42
74
83
61
59
64
90
108
96
65
47
57
66
80
93
95
88
92
105
69
54
80
100
87
93
101
79
86
74
68
60
51
43
33
29
67
51
38
26
18
13
14
15
35
27
21
16
10
6
4
4
17
15
15
14
13
11
7
6
15
13
8
6
8
12
20
22
9
10
9
9
12
17
21
23
9
14
19
22
26
28
26
23
32
32
28
26
30
35
39
41
40
32
53
75
64
52
63
75
69
75
81
81
76
64
63
67
89
106
91
57
38
30
39
60
37
41
32
14
4
0
0
2
3
5
21
30
6
0
6
23
51
27
31
46
33
19
24
26
81
78
80
82
66
42
28
21
82
82
61
45
47
41
24
16
0
0
7
13
29
50
56
55
6
0
0
26
46
47
54
73
9
20
19
17
36
69
82
72
25
16
22
37
44
44
60
76
45
26
20
17
6
4
32
67
5
24
46
47
38
42
55
64
40
22
32
63
53
12
6
37
62
53
51
60
58
44
33
44
27
75
81
62
43
48
56
28
84
81
83
69
28
40
86
69
79
62
67
65
26
29
72
72
70
77
55
33
26
15
31
63
80
106
74
33
40
32
21
45
61
78
68
32
35
54
44
36
65
53
49
23
27
67
75
59
76
68
68
53
64
91
76
59
18
5
7
27
52
62
63
58
7
10
6
0
0
0
7
17
6
5
6
4
1
0
0
0
8
0
0
3
7
4
2
6
5
15
21
10
0
0
9
23
11
21
22
7
2
11
16
12
36
12
0
6
17
17
12
9
50
19
29
74
67
14
0
15
60
67
62
73
38
40
112
112
53
69
55
32
3
30
105
113
60
47
37
31
9
7
53
98
51
21
10
13
19
25
57
112
17
20
14
0
31
81
90
84
11
10
11
29
68
98
90
54
24
0
0
45
77
78
87
62
15
2
0
51
67
64
72
12
