62
84
90
76
62
46
22
4
33
37
41
39
36
39
42
36
32
7
5
13
14
39
71
79
47
8
8
22
17
39
76
82
68
28
24
31
18
33
68
76
58
47
60
67
52
53
66
65
41
61
84
85
73
66
65
62
79
84
61
22
11
36
77
108
110
104
65
32
45
69
88
109
106
91
56
31
49
83
101
105
60
56
63
78
93
110
115
105
32
34
67
96
91
90
101
100
57
70
97
101
80
79
86
75
92
115
122
98
83
97
96
70
110
125
112
79
68
78
88
91
112
127
125
112
91
60
59
93
49
89
82
88
98
83
37
78
15
18
54
53
109
77
43
42
70
67
96
75
49
63
55
84
96
56
103
137
65
45
27
85
96
37
96
106
114
107
106
95
74
54
98
123
113
103
115
134
114
118
83
107
101
127
104
87
144
125
83
87
129
93
88
72
155
159
164
117
73
70
67
67
110
142
147
93
72
96
103
107
81
103
108
84
99
124
103
87
97
57
47
68
110
126
93
75
83
53
85
111
85
60
58
78
55
39
96
129
94
75
74
75
56
50
93
110
86
82
79
75
33
38
85
108
102
93
72
66
45
66
87
67
61
54
82
102
50
81
99
81
85
59
68
99
67
81
106
105
104
72
81
103
73
49
89
113
102
80
98
88
75
38
66
94
97
81
91
69
53
44
55
73
104
78
55
39
101
94
76
61
97
92
93
103
72
75
86
79
97
94
100
91
113
103
93
92
99
102
93
79
100
102
99
92
90
92
90
83
87
91
97
95
84
76
80
91
82
78
86
94
83
67
73
94
74
76
79
79
78
77
79
82
65
78
78
65
71
91
89
70
65
72
71
67
74
87
86
76
74
59
62
81
85
74
76
94
48
43
59
67
44
42
78
115
51
50
34
9
4
34
87
134
84
92
61
35
72
118
118
97
107
117
129
138
129
100
91
110
150
137
125
113
95
91
98
98
124
98
98
111
99
84
83
78
75
84
83
70
66
81
89
81
60
73
76
79
91
89
84
93
84
75
82
83
67
70
81
77
91
93
101
100
90
92
102
107
96
91
75
67
76
82
86
95
86
75
51
48
69
59
25
9
90
79
53
48
65
52
14
0
72
69
58
54
63
67
67
71
46
54
72
83
79
83
92
93
80
75
89
95
80
77
81
69
104
132
123
172
174
109
102
96
90
107
103
110
112
95
99
115
92
90
94
76
68
68
65
94
92
74
76
76
69
53
40
62
74
56
39
55
59
45
45
41
36
37
30
48
59
57
49
9
25
8
13
20
46
94
109
100
77
39
65
62
69
99
82
92
87
66
68
97
110
94
87
95
91
100
82
81
107
104
88
101
80
97
76
60
88
108
100
99
70
76
78
57
46
73
99
94
76
79
86
67
30
37
74
89
75
71
72
91
108
93
66
53
77
86
96
105
101
94
100
117
98
88
111
127
111
116
126
108
126
126
120
111
102
93
85
84
117
113
102
90
82
80
81
85
94
92
86
81
76
76
77
78
83
83
83
82
82
81
81
82
87
83
80
77
77
81
87
91
81
79
79
78
77
79
82
84
81
82
83
84
81
78
76
76
97
91
82
74
72
75
80
85
93
81
89
103
91
81
101
116
106
110
104
100
94
88
95
104
107
124
105
71
56
54
70
92
41
48
41
28
25
20
22
30
0
3
30
46
28
16
29
46
43
21
37
60
53
42
45
49
78
77
86
93
80
59
47
47
84
86
69
56
62
60
48
48
88
102
111
115
124
139
137
125
93
83
91
119
134
127
126
137
76
91
95
90
103
130
137
125
77
75
82
97
98
92
101
120
85
76
71
68
53
44
69
105
45
74
97
98
88
87
94
99
89
77
93
124
112
67
55
75
115
112
117
127
124
105
90
85
77
134
147
130
108
111
114
74
129
134
142
130
86
97
139
114
108
100
109
110
71
69
108
110
91
105
87
67
58
44
57
94
94
126
99
58
62
52
39
73
75
96
90
57
57
72
60
63
83
78
78
52
54
92
95
90
110
107
113
99
107
130
111
99
77
69
75
97
119
124
119
114
82
88
87
78
67
68
78
84
84
85
85
84
79
73
66
59
86
78
75
81
84
78
76
74
78
91
100
90
73
68
77
80
77
92
97
84
75
79
76
60
94
74
64
73
80
73
59
47
98
70
80
124
115
57
34
52
102
107
93
99
65
71
153
159
88
98
74
46
21
60
152
169
87
66
49
44
31
43
109
165
74
40
28
36
54
77
125
187
39
47
50
48
93
157
176
166
38
48
67
102
155
194
190
145
62
46
62
140
185
191
201
163
62
69
90
161
191
195
201
124
