67
89
95
81
67
51
26
8
38
42
46
44
41
44
46
40
40
15
12
20
21
46
78
86
55
16
15
29
24
46
83
89
76
36
31
38
25
40
75
83
66
55
67
74
59
60
73
72
51
71
93
94
82
75
74
71
89
94
70
31
20
45
86
117
120
114
74
41
54
78
97
118
116
101
65
40
58
92
110
114
71
67
74
89
104
121
126
116
43
45
78
107
102
101
112
111
68
81
108
112
91
90
97
86
103
126
134
109
94
108
107
81
124
140
126
93
82
92
101
104
126
142
140
126
105
71
70
104
61
101
94
100
110
93
47
86
27
30
66
65
119
87
51
47
85
82
108
87
59
72
62
87
111
71
115
149
74
52
30
85
111
52
108
117
123
113
108
94
89
69
110
133
119
106
115
130
131
133
94
117
108
130
103
83
159
139
93
95
134
95
87
66
168
171
173
126
80
72
67
64
122
151
156
100
77
101
105
107
90
112
117
91
105
131
106
89
104
64
54
76
116
133
100
79
92
60
92
118
94
69
67
85
62
46
103
136
104
85
83
84
62
56
102
119
96
92
90
86
42
47
91
114
110
103
86
81
49
70
91
71
65
58
86
102
54
85
103
85
89
63
72
100
74
88
113
112
111
79
87
106
80
56
96
120
109
87
104
92
82
45
73
101
104
88
97
73
60
51
62
80
111
85
61
46
110
103
85
70
106
101
101
109
81
84
95
88
106
103
108
99
122
112
102
101
108
111
101
87
109
111
108
101
99
101
98
91
98
102
107
105
94
86
90
101
93
89
96
104
93
77
83
104
85
87
89
89
88
87
89
92
76
89
88
75
81
101
99
80
78
85
84
80
87
100
99
88
85
70
73
90
94
83
85
101
56
48
64
72
49
45
81
112
54
50
33
6
1
31
82
124
85
90
56
28
64
110
107
83
104
111
119
125
115
85
73
91
143
126
112
97
75
70
75
77
115
85
82
91
76
59
57
54
66
71
67
50
42
54
61
54
51
61
61
61
69
64
58
63
78
65
69
67
49
50
61
48
87
87
92
91
79
78
87
85
98
90
73
65
72
78
80
87
90
80
54
51
70
60
26
10
97
87
61
56
73
60
22
8
81
80
69
65
74
78
81
87
57
67
85
96
94
98
109
107
95
90
103
106
90
90
98
84
98
121
113
162
164
98
89
82
85
99
95
102
103
85
88
102
93
87
91
73
65
64
59
86
94
74
76
76
68
51
37
57
77
60
43
59
62
47
46
40
41
41
34
52
62
59
50
8
29
12
17
24
50
97
110
100
83
42
68
65
72
101
83
91
92
71
73
102
115
99
90
97
98
105
88
87
113
109
92
104
90
107
87
71
99
119
110
107
80
87
89
69
58
85
110
104
89
92
100
81
45
52
88
102
87
83
85
105
122
108
80
66
88
97
108
117
114
107
113
130
102
88
112
132
117
124
137
117
115
109
103
97
95
93
91
89
99
89
80
71
70
71
76
78
74
71
70
66
64
59
55
52
64
66
66
65
62
58
51
48
74
70
58
51
50
54
60
64
68
64
56
51
51
55
62
64
58
59
61
62
64
66
66
63
65
63
65
68
71
74
75
78
53
49
89
120
112
96
95
108
72
84
112
127
123
110
100
112
94
117
117
93
79
78
93
134
46
57
54
46
47
54
76
114
19
23
40
59
56
72
129
186
66
44
50
82
101
129
185
226
87
87
105
138
164
187
223
248
94
104
109
131
179
218
245
255
72
85
94
98
109
124
123
108
79
68
76
104
119
114
114
120
67
81
84
80
94
121
130
115
70
67
74
89
91
86
96
114
83
72
67
64
50
42
67
107
43
70
93
94
84
84
92
103
87
74
89
120
108
64
53
79
112
108
112
122
119
101
87
87
77
133
145
126
106
109
113
68
130
134
141
129
85
96
139
111
115
105
114
114
75
74
114
112
99
112
93
73
64
51
64
103
106
138
109
68
73
63
50
84
87
107
101
67
68
83
72
73
94
88
87
61
64
102
106
93
116
109
110
93
104
130
115
98
73
57
50
67
92
106
114
115
66
64
54
40
36
46
68
87
53
54
58
61
62
62
60
69
49
43
48
64
77
82
88
111
46
59
67
67
70
87
122
166
52
65
69
70
89
126
159
187
76
58
53
82
124
156
182
212
92
73
106
178
204
177
181
227
107
143
179
224
216
229
255
255
122
174
210
219
205
234
255
255
168
194
228
245
227
214
235
255
201
204
222
237
235
225
233
255
212
236
235
215
232
255
255
255
237
243
233
237
255
255
255
234
255
228
200
240
253
243
251
241
255
245
212
239
235
224
236
195
